# clients:
0 0 109.4
0 1 98.8
0 2 92.4
0 3 88.2
0 4 86.7
0 5 84.1
0 6 83.6
0 7 86.8
0 8 92.7
0 9 100.3
0 10 109.5
0 11 115.3
0 12 117.7
0 13 118.2
0 14 117.9
0 15 123.5
0 16 122.6
0 17 130.7
0 18 128.5
0 19 126.5
0 20 123.2
0 21 119.8
0 22 113.9
0 23 104.2
1 0 92.7
1 1 88.0
1 2 84.3
1 3 81.4
1 4 80.0
1 5 82.3
1 6 88.4
1 7 103.7
1 8 107.5
1 9 109.8
1 10 106.6
1 11 112.2
1 12 110.0
1 13 117.1
1 14 119.5
1 15 119.2
1 16 122.4
1 17 123.6
1 18 126.6
1 19 128.8
1 20 127.2
1 21 131.4
1 22 128.8
1 23 115.3
2 0 100.1
2 1 88.5
2 2 81.3
2 3 78.8
2 4 76.1
2 5 76.9
2 6 84.5
2 7 106.7
2 8 112.5
2 9 111.9
2 10 114.4
2 11 115.6
2 12 119.0
2 13 121.2
2 14 118.6
2 15 118.8
2 16 122.6
2 17 125.7
2 18 130.2
2 19 131.2
2 20 133.8
2 21 135.0
2 22 125.7
2 23 112.0
3 0 99.8
3 1 90.3
3 2 85.2
3 3 82.5
3 4 82.1
3 5 84.5
3 6 88.1
3 7 103.5
3 8 106.9
3 9 110.0
3 10 112.4
3 11 117.8
3 12 122.8
3 13 123.5
3 14 122.3
3 15 122.8
3 16 129.8
3 17 131.0
3 18 132.9
3 19 138.2
3 20 143.2
3 21 138.5
3 22 123.1
3 23 114.8
4 0 90.6
4 1 81.6
4 2 75.8
4 3 74.9
4 4 74.1
4 5 72.6
4 6 77.6
4 7 94.8
4 8 99.5
4 9 103.7
4 10 100.1
4 11 100.6
4 12 102.9
4 13 107.4
4 14 106.5
4 15 107.5
4 16 109.7
4 17 111.7
4 18 115.3
4 19 117.5
4 20 120.7
4 21 120.1
4 22 115.9
4 23 108.4
5 0 97.0
5 1 89.7
5 2 82.4
5 3 77.6
5 4 77.9
5 5 78.0
5 6 83.4
5 7 98.1
5 8 101.1
5 9 105.3
5 10 108.3
5 11 109.1
5 12 110.0
5 13 112.0
5 14 103.2
5 15 107.6
5 16 108.4
5 17 112.6
5 18 117.2
5 19 116.7
5 20 114.1
5 21 116.2
5 22 113.3
5 23 109.2
6 0 99.0
6 1 88.8
6 2 81.8
6 3 79.1
6 4 78.2
6 5 82.2
6 6 83.4
6 7 88.1
6 8 94.7
6 9 104.3
6 10 109.5
6 11 113.4
6 12 115.5
6 13 116.8
6 14 114.1
6 15 113.3
6 16 111.1
6 17 113.9
6 18 122.1
6 19 122.9
6 20 118.6
6 21 118.7
6 22 113.2
6 23 115.6

