# nodes:
0 0 107.2
0 1 104.5
0 2 104.2
0 3 104.3
0 4 104.3
0 5 104.3
0 6 104.3
0 7 104.3
0 8 104.6
0 9 106.0
0 10 106.9
0 11 106.9
0 12 106.8
0 13 106.5
0 14 105.4
0 15 106.8
0 16 100.8
0 17 107.4
0 18 107.6
0 19 107.6
0 20 107.2
0 21 106.9
0 22 106.6
0 23 105.8
1 0 105.0
1 1 104.8
1 2 104.8
1 3 104.8
1 4 104.8
1 5 104.8
1 6 104.8
1 7 104.9
1 8 106.5
1 9 106.9
1 10 107.2
1 11 107.1
1 12 107.2
1 13 107.5
1 14 107.5
1 15 107.2
1 16 107.3
1 17 107.7
1 18 107.3
1 19 107.4
1 20 107.1
1 21 107.3
1 22 107.4
1 23 107.3
2 0 106.4
2 1 106.1
2 2 106.1
2 3 105.6
2 4 106.0
2 5 106.0
2 6 106.2
2 7 106.5
2 8 107.9
2 9 108.1
2 10 108.2
2 11 108.2
2 12 107.9
2 13 108.1
2 14 108.1
2 15 108.2
2 16 108.1
2 17 108.1
2 18 108.1
2 19 107.6
2 20 108.2
2 21 108.4
2 22 108.4
2 23 107.5
3 0 107.2
3 1 107.0
3 2 107.2
3 3 107.0
3 4 107.1
3 5 107.2
3 6 107.2
3 7 107.3
3 8 108.6
3 9 109.4
3 10 109.5
3 11 109.5
3 12 109.2
3 13 110.2
3 14 110.7
3 15 110.7
3 16 110.4
3 17 110.8
3 18 111.6
3 19 111.9
3 20 111.9
3 21 111.9
3 22 107.3
3 23 110.5
4 0 101.4
4 1 101.5
4 2 101.6
4 3 102.0
4 4 102.1
4 5 98.9
4 6 101.6
4 7 102.0
4 8 99.6
4 9 101.8
4 10 102.1
4 11 102.7
4 12 102.4
4 13 102.2
4 14 102.2
4 15 102.2
4 16 102.7
4 17 103.8
4 18 104.2
4 19 104.0
4 20 103.8
4 21 103.6
4 22 102.9
4 23 102.2
5 0 101.9
5 1 101.0
5 2 100.8
5 3 101.0
5 4 101.0
5 5 101.0
5 6 100.9
5 7 99.1
5 8 101.9
5 9 102.0
5 10 102.4
5 11 102.9
5 12 102.9
5 13 102.6
5 14 102.5
5 15 102.8
5 16 103.5
5 17 104.0
5 18 104.2
5 19 104.0
5 20 103.8
5 21 104.7
5 22 104.5
5 23 104.1
6 0 103.2
6 1 102.4
6 2 102.5
6 3 102.5
6 4 102.5
6 5 102.5
6 6 102.4
6 7 102.5
6 8 102.9
6 9 104.0
6 10 104.2
6 11 104.0
6 12 104.2
6 13 104.0
6 14 104.8
6 15 105.0
6 16 105.4
6 17 105.9
6 18 106.3
6 19 106.4
6 20 106.7
6 21 106.9
6 22 106.4
6 23 105.6
